-0.013256784334968234 -0.025051847580061234 0.05373425664102571
-0.0079179236590548 -0.020881165650708765 0.058887176412509394
-0.003535715736685985 -0.01930971427926778 0.060678767665236284
-0.0010624092496821 -0.020072663994363752 0.06113865998458254
0.0014418609817546172 -0.019388109826472544 0.06090823249552743
0.005953365832998944 -0.02096088420882552 0.0595955317067445
0.01200762016477458 -0.02456059602858261 0.05467797988377696
0.007461570978345925 -0.0293915896594406 0.05626574655504906
0.0034108607488539133 -0.0301574708667502 0.05783151660569117
-0.0008246533085261878 -0.030069022370049082 0.05789891153028541
-0.004950440647678541 -0.030247008714701734 0.05740094993573843
-0.008793332664298265 -0.029603413684259578 0.055375112976786
